671,6
671,5
686,5
686,4
686,3
686,2
686,1
686,0
685,3
685,2
685,1
685,0
684,5
684,4
684,3
684,2
684,1
684,0
683,4
683,3
683,2
683,1
683,0
682,3
682,2
682,1
682,0
681,3
681,2
681,1
681,0
680,3
680,2
680,1
680,0
679,3
679,2
679,1
679,0
678,4
678,3
678,2
678,1
678,0
677,3
677,2
677,1
677,0
676,4
676,3
676,2
676,1
676,0
675,3
675,2
675,1
675,0
674,3
674,2
674,1
674,0
673,5
673,4
673,3
673,2
673,1
673,0
672,3
672,2
672,1
672,0
671,4
671,3
671,2
671,1
671,0
670,3
670,2
670,1
670,0
654,6
654,5
669,5
669,4
669,3
669,2
669,1
669,0
668,3
668,2
668,1
668,0
667,5
667,4
667,3
667,2
667,1
667,0
666,4
666,3
666,2
666,1
666,0
665,3
665,2
665,1
665,0
664,3
664,2
664,1
664,0
663,3
663,2
663,1
663,0
662,3
662,2
662,1
662,0
661,4
661,3
661,2
661,1
661,0
660,3
660,2
660,1
660,0
659,4
659,3
659,2
659,1
659,0
658,3
658,2
658,1
658,0
657,3
657,2
657,1
657,0
656,5
656,4
656,3
656,2
656,1
656,0
655,3
655,2
655,1
655,0
654,4
654,3
654,2
654,1
654,0
653,3
653,2
653,1
653,0
651,3
651,2
651,1
651,0
650,5
650,4
650,3
650,2
650,1
650,0
649,4
649,3
649,2
649,1
649,0
648,3
648,2
648,1
648,0
647,3
647,2
647,1
647,0
646,3
646,2
646,1
646,0
645,3
645,2
645,1
645,0
644,4
644,3
644,2
644,1
644,0
643,3
643,2
643,1
643,0
642,4
642,3
642,2
642,1
642,0
641,3
641,2
641,1
641,0
640,3
640,2
640,1
640,0
639,5
639,4
639,3
639,2
639,1
639,0
638,3
638,2
638,1
638,0
637,4
637,3
637,2
637,1
637,0
636,3
636,2
636,1
636,0
634,5
634,4
634,3
634,2
634,1
634,0
633,4
633,3
633,2
633,1
633,0
632,3
632,2
632,1
632,0
631,3
631,2
631,1
631,0
630,3
630,2
630,1
630,0
629,3
629,2
629,1
629,0
628,4
628,3
628,2
628,1
628,0
627,3
627,2
627,1
627,0
626,4
626,3
626,2
626,1
626,0
625,3
625,2
625,1
625,0
624,3
624,2
624,1
624,0
623,5
623,4
623,3
623,2
623,1
623,0
622,3
622,2
622,1
622,0
621,4
621,3
621,2
621,1
621,0
620,3
620,2
620,1
620,0
618,5
618,4
618,3
618,2
618,1
618,0
617,4
617,3
617,2
617,1
617,0
616,3
616,2
616,1
616,0
615,3
615,2
615,1
615,0
614,3
614,2
614,1
614,0
613,3
613,2
613,1
613,0
612,4
612,3
612,2
612,1
612,0
611,3
611,2
611,1
611,0
610,4
610,3
610,2
610,1
610,0
609,3
609,2
609,1
609,0
608,3
608,2
608,1
608,0
607,5
607,4
607,3
607,2
607,1
607,0
606,3
606,2
606,1
606,0
605,4
605,3
605,2
605,1
605,0
604,3
604,2
604,1
604,0
603,5
603,4
603,3
603,2
603,1
603,0
602,2
601,5
601,4
601,3
601,2
601,1
601,0
598,3
598,2
598,1
598,0
597,3
597,2
597,1
597,0
596,3
596,2
596,1
596,0
595,4
595,3
595,2
595,1
595,0
594,3
594,2
594,1
594,0
593,4
593,3
593,2
593,1
593,0
592,3
592,2
592,1
592,0
591,3
591,2
591,1
591,0
590,5
590,4
590,3
590,2
590,1
590,0
589,3
589,2
589,1
589,0
588,6
588,5
588,4
588,3
588,2
588,1
588,0
587,3
587,2
587,1
587,0
17,3
17,2
17,1
17,0
4,3
4,1
4,0
3,6
3,5
3,4
3,3
3,2
3,1
3,0
2,2
1,2
0,445
0,444
0,443
0,442
0,441
0,440
0,439
0,438
0,436
0,422
0,408
1,1
0,345
0,333
0,331
0,329
0,328
1,3
1,0
0,325
602,1
0,322
0,312
0,243
602,3
602,0
2,1
2,3
2,0
0,9
0,310
0,305
0,308
0,304
0,303
0,302
0,307
0,12
0,10
0,8
0,0
0,378
0,300
0,424
0,299
0,389
0,298
0,376
0,297
0,379
0,296
0,420
0,295
0,294
0,410
0,293
0,417
0,292
0,405
0,291
0,415
0,290
0,394
0,289
0,337
0,288
0,386
0,287
0,375
0,286
0,437
0,285
0,374
0,284
0,409
0,283
0,435
0,282
0,371
0,281
0,423
0,280
0,430
0,279
0,421
0,278
0,431
0,277
0,403
0,276
0,399
0,275
0,353
0,274
0,365
0,273
0,315
0,272
0,367
0,271
0,352
0,270
0,343
0,269
0,350
0,268
0,406
0,267
0,429
0,266
0,413
0,265
0,418
0,264
0,388
0,263
0,407
0,262
0,366
0,261
0,311
0,260
0,357
0,259
0,400
0,258
0,397
0,257
0,427
0,256
0,382
0,255
0,380
0,254
0,381
0,253
0,385
0,252
0,301
0,251
0,341
0,250
0,377
0,249
0,323
0,248
0,411
0,247
0,426
0,246
0,402
0,245
0,338
0,244
0,330
0,242
0,372
0,241
0,363
0,240
0,416
0,239
0,362
0,238
0,335
0,237
0,414
0,236
0,419
0,235
0,384
0,234
0,340
0,233
0,359
0,232
0,404
0,231
0,370
0,230
0,369
0,229
0,396
0,228
0,395
0,227
0,346
0,226
0,398
0,225
0,314
0,224
0,319
0,223
0,332
0,222
0,324
0,221
0,358
0,220
0,336
0,219
0,351
0,218
0,393
0,217
0,216
0,361
0,215
0,344
0,214
0,348
0,213
0,212
0,368
0,211
0,339
0,210
0,313
0,209
0,317
0,208
0,347
0,207
0,334
0,206
0,309
0,205
0,373
0,204
0,203
0,326
0,202
0,387
0,201
0,316
0,200
0,199
0,364
0,198
0,318
0,197
0,196
0,320
0,195
0,360
0,194
0,327
0,193
0,434
0,192
0,321
0,63
0,356
0,62
0,306
0,61
0,447
0,60
0,392
0,59
0,355
0,58
0,342
0,57
0,401
0,56
0,446
0,55
0,354
0,54
0,349
0,53
0,52
0,428
0,51
0,383
0,50
0,433
0,49
0,390
0,48
0,425
0,47
0,412
0,46
0,432
0,45
0,391
0,6
0,5
0,1
0,11
0,4
0,2
0,3
0,7
